 TITLE = 'HP'  VARIABLES = 'X', 'Y'  ZONE T= 'HP', N=           82 , E =  
          41 , F=FEPOINT, ET=LINESEG
   45.4999983310699       0.000000000000000E+000
   43.9496234840900        11.7762661202138     
   43.9496234840900        11.7762661202138     
   39.4041544268561        22.7499991655350     
   39.4041544268561        22.7499991655350     
   32.1733573638762        32.1733573638761     
   32.1733573638762        32.1733573638761     
   22.7499991655350        39.4041544268561     
   22.7499991655350        39.4041544268561     
   11.7762661202138        43.9496234840900     
   11.7762661202138        43.9496234840900     
  2.786071365867736E-015   45.4999983310699     
  2.786071365867736E-015   45.4999983310699     
  -6.93849935426388        45.4999983310699     
  -6.93849935426388        45.4999983310699     
  -14.0013767297337        45.4999983310699     
  -14.0013767297337        45.4999983310699     
  -21.3216438266953        45.4999983310699     
  -21.3216438266953        45.4999983310699     
  -29.0508831800412        45.4999983310699     
  -29.0508831800412        45.4999983310699     
  -37.3721412720315        45.4999983310699     
  -37.3721412720315        45.4999983310699     
  -46.5182769609414        45.4999983310699     
  -46.5182769609414        45.4999983310699     
  -74.1585231093783        45.4999983310699     
  -74.1585231093783        45.4999983310699     
  -101.798769257815        45.4999983310699     
  -101.798769257815        45.4999983310699     
  -129.439015406252        45.4999983310699     
  -129.439015406252        45.4999983310699     
  -157.079261554689        45.4999983310699     
  -157.079261554689        45.4999983310699     
  -184.719507703126        45.4999983310699     
  -184.719507703126        45.4999983310699     
  -212.359753851563        45.4999983310699     
  -212.359753851563        45.4999983310699     
  -240.000000000000        45.4999983310699     
   35.0000000000000       0.000000000000000E+000
   33.8074039201174        9.05866657858823     
   33.8074039201174        9.05866657858823     
   30.3108891324554        17.5000000000000     
   30.3108891324554        17.5000000000000     
   24.7487373415292        24.7487373415292     
   24.7487373415292        24.7487373415292     
   17.5000000000000        30.3108891324554     
   17.5000000000000        30.3108891324554     
   9.05866657858823        33.8074039201174     
   9.05866657858823        33.8074039201174     
  2.143131898507868E-015   35.0000000000000     
  2.143131898507868E-015   35.0000000000000     
  -5.92723263471586        34.4944620670327     
  -5.92723263471586        34.4944620670327     
  -11.6832400731820        32.9924521882262     
  -11.6832400731820        32.9924521882262     
  -17.1017434523934        30.5373602475479     
  -17.1017434523934        30.5373602475479     
  -22.0262136867443        27.2001086509940     
  -22.0262136867443        27.2001086509940     
  -26.3143932617642        23.0771035285024     
  -26.3143932617642        23.0771035285024     
  -29.8424057523932        18.2874497650582     
  -34.6699269155252        4.79543195886888     
  -35.0000000000000       4.286263797015736E-015
  -33.6859332758777        9.50041574527759     
  -34.6699269155252        4.79543195886888     
  -32.0665784990998        14.0262091586099     
  -33.6859332758777        9.50041574527759     
  -29.8424057523932        18.2874497650582     
  -32.0665784990998        14.0262091586099     
   70.0000000000000       0.000000000000000E+000
   67.6148078402348        18.1173331571765     
   67.6148078402348        18.1173331571765     
   60.6217782649107        35.0000000000000     
   60.6217782649107        35.0000000000000     
   49.4974746830583        49.4974746830583     
   49.4974746830583        49.4974746830583     
   35.0000000000000        60.6217782649107     
   35.0000000000000        60.6217782649107     
   18.1173331571765        67.6148078402348     
   18.1173331571765        67.6148078402348     
  4.286263797015736E-015   70.0000000000000     
           1           2
           3           4
           5           6
           7           8
           9          10
          11          12
          13          14
          15          16
          17          18
          19          20
          21          22
          23          24
          25          26
          27          28
          29          30
          31          32
          33          34
          35          36
          37          38
          39          40
          41          42
          43          44
          45          46
          47          48
          49          50
          51          52
          53          54
          55          56
          57          58
          59          60
          61          62
          63          64
          65          66
          67          68
          69          70
          71          72
          73          74
          75          76
          77          78
          79          80
          81          82
          83          84
